   ! != # $ % && ( ) * + , - / ; < <= = == > >= FLOAT IDN INT const else float if int main return void { || } 
addExp 0 -1 -1 -1 -1 -1 0 -1 -1 0 -1 0 -1 -1 -1 -1 -1 -1 -1 -1 0 0 0 -1 -1 -1 -1 -1 -1 -1 -1 -1 -1 -1 
addExpTail -1 99 -1 -1 -1 99 -1 99 -1 0 99 0 -1 99 99 99 -1 99 99 99 -1 -1 -1 -1 -1 -1 -1 -1 -1 -1 -1 -1 99 -1 
addOp -1 -1 -1 -1 -1 -1 -1 -1 -1 0 -1 1 -1 -1 -1 -1 -1 -1 -1 -1 -1 -1 -1 -1 -1 -1 -1 -1 -1 -1 -1 -1 -1 -1 
bType -1 -1 -1 -1 -1 -1 -1 -1 -1 -1 -1 -1 -1 -1 -1 -1 -1 -1 -1 -1 -1 -1 -1 -1 -1 1 -1 0 -1 -1 -1 -1 -1 -1 
block -1 -1 -1 -1 -1 -1 -1 -1 -1 -1 -1 -1 -1 -1 -1 -1 -1 -1 -1 -1 -1 -1 -1 -1 -1 -1 -1 -1 -1 -1 -1 0 -1 -1 
blockItem 1 -1 -1 -1 -1 -1 1 -1 -1 1 -1 1 -1 -1 -1 -1 -1 -1 -1 -1 1 1 1 0 -1 0 1 0 -1 1 -1 1 -1 -1 
blockItems 0 -1 -1 -1 -1 -1 0 -1 -1 0 -1 0 -1 -1 -1 -1 -1 -1 -1 -1 0 0 0 0 -1 0 0 0 -1 0 -1 0 -1 99 
compUnit -1 -1 99 -1 -1 -1 -1 -1 -1 -1 -1 -1 -1 -1 -1 -1 -1 -1 -1 -1 -1 -1 -1 0 -1 0 -1 0 -1 -1 0 -1 -1 -1 
cond 0 -1 -1 -1 -1 -1 0 -1 -1 0 -1 0 -1 -1 -1 -1 -1 -1 -1 -1 0 0 0 -1 -1 -1 -1 -1 -1 -1 -1 -1 -1 -1 
constDecl -1 -1 -1 -1 -1 -1 -1 -1 -1 -1 -1 -1 -1 -1 -1 -1 -1 -1 -1 -1 -1 -1 -1 0 -1 -1 -1 -1 -1 -1 -1 -1 -1 -1 
constDef -1 -1 -1 -1 -1 -1 -1 -1 -1 -1 -1 -1 -1 -1 -1 -1 -1 -1 -1 -1 -1 0 -1 -1 -1 -1 -1 -1 -1 -1 -1 -1 -1 -1 
constDefList -1 -1 -1 -1 -1 -1 -1 -1 -1 -1 0 -1 -1 99 -1 -1 -1 -1 -1 -1 -1 -1 -1 -1 -1 -1 -1 -1 -1 -1 -1 -1 -1 -1 
constExp 0 -1 -1 -1 -1 -1 0 -1 -1 0 -1 0 -1 -1 -1 -1 -1 -1 -1 -1 0 0 0 -1 -1 -1 -1 -1 -1 -1 -1 -1 -1 -1 
constInitVal 0 -1 -1 -1 -1 -1 0 -1 -1 0 -1 0 -1 -1 -1 -1 -1 -1 -1 -1 0 0 0 -1 -1 -1 -1 -1 -1 -1 -1 -1 -1 -1 
decl -1 -1 -1 -1 -1 -1 -1 -1 -1 -1 -1 -1 -1 -1 -1 -1 -1 -1 -1 -1 -1 -1 -1 0 -1 1 -1 1 -1 -1 -1 -1 -1 -1 
elseblock -1 -1 -1 -1 -1 -1 -1 -1 -1 -1 -1 -1 -1 -1 -1 -1 -1 -1 -1 -1 -1 -1 -1 -1 0 -1 -1 -1 -1 -1 -1 -1 -1 -1 
eqExp 0 -1 -1 -1 -1 -1 0 -1 -1 0 -1 0 -1 -1 -1 -1 -1 -1 -1 -1 0 0 0 -1 -1 -1 -1 -1 -1 -1 -1 -1 -1 -1 
eqExpTail -1 0 -1 -1 -1 99 -1 99 -1 -1 -1 -1 -1 -1 -1 -1 -1 0 -1 -1 -1 -1 -1 -1 -1 -1 -1 -1 -1 -1 -1 -1 99 -1 
eqOp -1 1 -1 -1 -1 -1 -1 -1 -1 -1 -1 -1 -1 -1 -1 -1 -1 0 -1 -1 -1 -1 -1 -1 -1 -1 -1 -1 -1 -1 -1 -1 -1 -1 
exp 0 -1 -1 -1 -1 -1 0 -1 -1 0 -1 0 -1 -1 -1 -1 -1 -1 -1 -1 0 0 0 -1 -1 -1 -1 -1 -1 -1 -1 -1 -1 -1 
expOpt 0 -1 -1 -1 -1 -1 0 -1 -1 0 -1 0 -1 99 -1 -1 -1 -1 -1 -1 0 0 0 -1 -1 -1 -1 -1 -1 -1 -1 -1 -1 -1 
exprOrAssign 1 -1 -1 -1 -1 -1 1 -1 -1 1 -1 1 -1 -1 -1 -1 -1 -1 -1 -1 1 0 1 -1 -1 -1 -1 -1 -1 -1 -1 -1 -1 -1 
extemp -1 -1 -1 -1 -1 -1 -1 -1 -1 -1 -1 -1 -1 -1 -1 -1 -1 -1 -1 -1 -1 0 -1 -1 -1 -1 -1 -1 1 -1 -1 -1 -1 -1 
extemp2 -1 -1 -1 -1 -1 -1 -1 -1 -1 -1 -1 -1 -1 -1 -1 -1 -1 -1 -1 -1 -1 0 -1 -1 -1 -1 -1 -1 1 -1 -1 -1 -1 -1 
externalDef -1 -1 -1 -1 -1 -1 -1 -1 -1 -1 -1 -1 -1 -1 -1 -1 -1 -1 -1 -1 -1 -1 -1 0 -1 2 -1 2 -1 -1 1 -1 -1 -1 
externalTail -1 -1 -1 -1 -1 -1 0 -1 -1 -1 1 -1 -1 1 -1 -1 1 -1 -1 -1 -1 -1 -1 -1 -1 -1 -1 -1 -1 -1 -1 -1 -1 -1 
funcDefTail -1 -1 -1 -1 -1 -1 0 -1 -1 -1 -1 -1 -1 -1 -1 -1 -1 -1 -1 -1 -1 -1 -1 -1 -1 -1 -1 -1 -1 -1 -1 -1 -1 -1 
funcFParam -1 -1 -1 -1 -1 -1 -1 -1 -1 -1 -1 -1 -1 -1 -1 -1 -1 -1 -1 -1 -1 -1 -1 -1 -1 0 -1 0 -1 -1 -1 -1 -1 -1 
funcFParamList -1 -1 -1 -1 -1 -1 -1 99 -1 -1 0 -1 -1 -1 -1 -1 -1 -1 -1 -1 -1 -1 -1 -1 -1 -1 -1 -1 -1 -1 -1 -1 -1 -1 
funcFParams -1 -1 -1 -1 -1 -1 -1 -1 -1 -1 -1 -1 -1 -1 -1 -1 -1 -1 -1 -1 -1 -1 -1 -1 -1 0 -1 0 -1 -1 -1 -1 -1 -1 
funcFParamsOpt -1 -1 -1 -1 -1 -1 -1 99 -1 -1 -1 -1 -1 -1 -1 -1 -1 -1 -1 -1 -1 -1 -1 -1 -1 0 -1 0 -1 -1 -1 -1 -1 -1 
funcRParam 0 -1 -1 -1 -1 -1 0 -1 -1 0 -1 0 -1 -1 -1 -1 -1 -1 -1 -1 0 0 0 -1 -1 -1 -1 -1 -1 -1 -1 -1 -1 -1 
funcRParamList -1 -1 -1 -1 -1 -1 -1 99 -1 -1 0 -1 -1 -1 -1 -1 -1 -1 -1 -1 -1 -1 -1 -1 -1 -1 -1 -1 -1 -1 -1 -1 -1 -1 
funcRParams 0 -1 -1 -1 -1 -1 0 -1 -1 0 -1 0 -1 -1 -1 -1 -1 -1 -1 -1 0 0 0 -1 -1 -1 -1 -1 -1 -1 -1 -1 -1 -1 
funcRParamsOpt 0 -1 -1 -1 -1 -1 0 99 -1 0 -1 0 -1 -1 -1 -1 -1 -1 -1 -1 0 0 0 -1 -1 -1 -1 -1 -1 -1 -1 -1 -1 -1 
idExprSuffix -1 -1 -1 -1 -1 -1 0 -1 -1 1 -1 1 -1 99 -1 -1 -1 -1 -1 -1 -1 -1 -1 -1 -1 -1 -1 -1 -1 -1 -1 -1 -1 -1 
idTail -1 -1 -1 -1 -1 -1 1 -1 -1 1 -1 1 -1 99 -1 -1 0 -1 -1 -1 -1 -1 -1 -1 -1 -1 -1 -1 -1 -1 -1 -1 -1 -1 
ifblock 0 -1 -1 -1 -1 -1 0 -1 -1 0 -1 0 -1 -1 -1 -1 -1 -1 -1 -1 0 0 0 -1 -1 -1 0 -1 -1 0 -1 0 -1 -1 
initVal 0 -1 -1 -1 -1 -1 0 -1 -1 0 -1 0 -1 -1 -1 -1 -1 -1 -1 -1 0 0 0 -1 -1 -1 -1 -1 -1 -1 -1 -1 -1 -1 
lAndExp 0 -1 -1 -1 -1 -1 0 -1 -1 0 -1 0 -1 -1 -1 -1 -1 -1 -1 -1 0 0 0 -1 -1 -1 -1 -1 -1 -1 -1 -1 -1 -1 
lAndExpTail -1 -1 -1 -1 -1 0 -1 99 -1 -1 -1 -1 -1 -1 -1 -1 -1 -1 -1 -1 -1 -1 -1 -1 -1 -1 -1 -1 -1 -1 -1 -1 99 -1 
lOrExp 0 -1 -1 -1 -1 -1 0 -1 -1 0 -1 0 -1 -1 -1 -1 -1 -1 -1 -1 0 0 0 -1 -1 -1 -1 -1 -1 -1 -1 -1 -1 -1 
lOrExpTail -1 -1 -1 -1 -1 -1 -1 99 -1 -1 -1 -1 -1 -1 -1 -1 -1 -1 -1 -1 -1 -1 -1 -1 -1 -1 -1 -1 -1 -1 -1 -1 0 -1 
lVal -1 -1 -1 -1 -1 -1 -1 -1 -1 -1 -1 -1 -1 -1 -1 -1 -1 -1 -1 -1 -1 0 -1 -1 -1 -1 -1 -1 -1 -1 -1 -1 -1 -1 
mulExp 0 -1 -1 -1 -1 -1 0 -1 -1 0 -1 0 -1 -1 -1 -1 -1 -1 -1 -1 0 0 0 -1 -1 -1 -1 -1 -1 -1 -1 -1 -1 -1 
mulExpTail -1 99 -1 -1 0 99 -1 99 0 99 99 99 0 99 99 99 -1 99 99 99 -1 -1 -1 -1 -1 -1 -1 -1 -1 -1 -1 -1 99 -1 
mulOp -1 -1 -1 -1 2 -1 -1 -1 0 -1 -1 -1 1 -1 -1 -1 -1 -1 -1 -1 -1 -1 -1 -1 -1 -1 -1 -1 -1 -1 -1 -1 -1 -1 
nonIdExpr 2 -1 -1 -1 -1 -1 0 -1 -1 2 -1 2 -1 -1 -1 -1 -1 -1 -1 -1 1 -1 1 -1 -1 -1 -1 -1 -1 -1 -1 -1 -1 -1 
number -1 -1 -1 -1 -1 -1 -1 -1 -1 -1 -1 -1 -1 -1 -1 -1 -1 -1 -1 -1 1 -1 0 -1 -1 -1 -1 -1 -1 -1 -1 -1 -1 -1 
operatorTail -1 -1 -1 -1 -1 -1 -1 -1 -1 0 -1 0 -1 99 -1 -1 -1 -1 -1 -1 -1 -1 -1 -1 -1 -1 -1 -1 -1 -1 -1 -1 -1 -1 
postfixTail -1 -1 -1 -1 -1 -1 -1 -1 -1 0 -1 0 -1 99 -1 -1 -1 -1 -1 -1 -1 -1 -1 -1 -1 -1 -1 -1 -1 -1 -1 -1 -1 -1 
primaryExp -1 -1 -1 -1 -1 -1 0 -1 -1 -1 -1 -1 -1 -1 -1 -1 -1 -1 -1 -1 2 -1 2 -1 -1 -1 -1 -1 -1 -1 -1 -1 -1 -1 
program -1 -1 99 -1 -1 -1 -1 -1 -1 -1 -1 -1 -1 -1 -1 -1 -1 -1 -1 -1 -1 -1 -1 0 -1 0 -1 0 -1 -1 0 -1 -1 -1 
relExp 0 -1 -1 -1 -1 -1 0 -1 -1 0 -1 0 -1 -1 -1 -1 -1 -1 -1 -1 0 0 0 -1 -1 -1 -1 -1 -1 -1 -1 -1 -1 -1 
relExpTail -1 99 -1 -1 -1 99 -1 99 -1 -1 -1 -1 -1 -1 0 0 -1 99 0 0 -1 -1 -1 -1 -1 -1 -1 -1 -1 -1 -1 -1 99 -1 
relOp -1 -1 -1 -1 -1 -1 -1 -1 -1 -1 -1 -1 -1 -1 0 2 -1 -1 1 3 -1 -1 -1 -1 -1 -1 -1 -1 -1 -1 -1 -1 -1 -1 
stmt 3 -1 -1 -1 -1 -1 3 -1 -1 3 -1 3 -1 -1 -1 -1 -1 -1 -1 -1 3 3 3 -1 -1 -1 0 -1 -1 1 -1 2 -1 -1 
unaryExp 3 -1 -1 -1 -1 -1 1 -1 -1 3 -1 3 -1 -1 -1 -1 -1 -1 -1 -1 2 0 2 -1 -1 -1 -1 -1 -1 -1 -1 -1 -1 -1 
unaryExpTail -1 99 -1 -1 99 99 0 99 99 99 99 99 99 99 99 99 -1 99 99 99 -1 -1 -1 -1 -1 -1 -1 -1 -1 -1 -1 -1 99 -1 
unaryOp 2 -1 -1 -1 -1 -1 -1 -1 -1 0 -1 1 -1 -1 -1 -1 -1 -1 -1 -1 -1 -1 -1 -1 -1 -1 -1 -1 -1 -1 -1 -1 -1 -1 
varDecl -1 -1 -1 -1 -1 -1 -1 -1 -1 -1 -1 -1 -1 -1 -1 -1 -1 -1 -1 -1 -1 -1 -1 -1 -1 0 -1 0 -1 -1 -1 -1 -1 -1 
varDef -1 -1 -1 -1 -1 -1 -1 -1 -1 -1 -1 -1 -1 -1 -1 -1 -1 -1 -1 -1 -1 0 -1 -1 -1 -1 -1 -1 -1 -1 -1 -1 -1 -1 
varDefList -1 -1 -1 -1 -1 -1 -1 -1 -1 -1 0 -1 -1 99 -1 -1 -1 -1 -1 -1 -1 -1 -1 -1 -1 -1 -1 -1 -1 -1 -1 -1 -1 -1 
varDefSuffix -1 -1 -1 -1 -1 -1 -1 -1 -1 -1 99 -1 -1 99 -1 -1 0 -1 -1 -1 -1 -1 -1 -1 -1 -1 -1 -1 -1 -1 -1 -1 -1 -1 
varFirstSuffix -1 -1 -1 -1 -1 -1 -1 -1 -1 -1 99 -1 -1 99 -1 -1 0 -1 -1 -1 -1 -1 -1 -1 -1 -1 -1 -1 -1 -1 -1 -1 -1 -1 
